3
2
0.0
1.0
1.0
1.0
0.0829380491925
3
3
0.797784241349
0.475357266212
0.300961926102
0.415291014827
0.333681393286
3
4
0.544394660766
0.837862110107
0.515241777877
0.805629817467
0.0907199520384
3
5
0.389778481057
0.239739131133
0.956108559546
0.642972910366
0.205638487443
3
6
0.655758434783
0.0270458953742
0.161441279966
0.0101010128417
0.132915756018
3
7
0.385746032398
0.314721210186
0.225891486189
0.172940268622
0.175471369636
3
8
0.313111928179
0.469038539525
0.223519224596
0.257899057076
0.0829866576675
3
9
0.534114056975
0.300164037907
0.213210184238
0.223296291107
0.107499044792
3
10
0.308212343167
0.356003279981
0.162405097621
0.172906508455
0.175471369636
3
11
0.646524823212
0.662516668312
0.89990797733
0.929305075058
0.11577140472
3
12
0.590457792974
0.979259788754
0.282797548665
0.611953466973
0.191685000655
3
13
0.587947579681
0.466655271514
0.761657397741
0.695097523594
0.175471369636
3
14
0.528191843975
0.15316584336
0.349272198815
0.33137726758
0.111002769236
3
15
0.395711546977
0.552651685668
0.154966860189
0.377391969518
0.0830769413939
3
16
0.564662495664
0.189539865775
0.0194277890088
0.00300732659843
0.098710885393
3
17
0.542540504661
0.667939933448
0.730289368613
0.733773609148
0.328764590622
3
18
0.491698922799
0.381300225973
0.458777960464
0.372425370367
0.821391618646
3
19
0.710215907562
0.0334559281807
0.364340515006
0.394835547382
0.157808002029
3
20
0.672743791066
0.760632647417
0.298228022551
0.553097606125
0.401916472331
3
21
0.596133283601
0.63051033947
0.0385321352759
0.151306273479
0.222762375653
3
22
0.540139492518
0.572630664375
0.0477517240323
0.0181207955521
0.205638487443
3
23
0.611526250875
0.763082023002
0.917242408066
0.821925300763
0.208069703817
3
24
0.439510850709
0.952244126527
0.859450490808
0.978468905706
0.17850090241
3
25
0.418021194591
0.0917818759998
0.980000854355
0.367981802394
0.228952242791
3
26
0.399896012115
0.0465629484169
0.946133190659
0.285027793533
0.127140885738
3
27
0.469086693977
0.94080022931
0.290948316326
0.551017897791
0.275876432779
3
28
0.65545411566
0.655824585993
0.998882655906
0.98492799999
0.205638487443
3
29
0.624115338981
0.379681150289
0.303391920778
0.119333712971
0.322351344312
3
30
0.38642633108
0.142480863155
0.599249496821
0.460968524299
0.0831893324957
3
31
0.483000419805
0.0459503196056
0.14520230508
0.013308533236
0.0845786953581
3
32
0.460012697613
0.155805953101
0.873116119483
0.443902306153
0.39982464943
3
33
0.388155073069
0.91786474536
0.899665308407
0.834720219277
0.264988295276
3
34
0.626858117164
0.434803189842
0.632630975062
0.277875415042
0.149542905258
3
35
0.318661058914
0.809935732288
0.385343955406
0.367981508248
0.102674183804
3
36
0.660919093883
0.3020561167
0.862148931745
0.422650430328
0.176305686406
3
37
0.537779906453
0.949527982588
0.260975614823
0.571383924557
0.427442651392
3
38
0.429349510396
0.231844244346
0.204940082372
0.725308368635
0.267144442968
3
39
0.492482625075
0.581493296987
0.985702178478
0.713266970639
0.793978748716
3
40
0.549242620328
0.595386235148
0.49331457624
0.268540422225
0.85679210341
3
41
0.473627459115
0.995087831576
0.843659626162
0.89416596277
0.347084741065
3
42
0.572559258001
0.441054109973
0.389081753721
0.25652997992
0.108606360294
3
43
0.517965442613
0.892313712741
0.11872407328
0.104930205427
0.177511494559
3
44
0.478433693382
0.86135813125
0.881906641696
0.597370364613
0.226861551628
3
45
0.495657202123
0.735944452497
0.816644121179
0.94410132546
0.264988295276
3
46
0.62391661341
0.903355095351
0.841301829239
0.868759685533
0.124460725572
3
47
0.475050668594
0.35771741886
0.253117325157
0.224831827862
0.109005900838
3
48
0.451149423885
0.570918882686
0.430426493273
0.485338073413
0.151939337994
3
49
0.309192723975
0.305410767798
0.20667021057
0.0540895925851
0.104057034197
3
50
0.522514455233
0.416562094079
0.335180450419
0.818549756483
0.219198871111
3
51
0.413044449779
0.184138519307
0.857831127118
0.641817673381
0.102937795075
3
52
0.501523911472
0.234296837305
0.252289644561
0.819522352313
0.131937548767
3
53
0.4825651987
0.948307909977
0.399740397016
0.368655055169
0.113083089222
3
54
0.585881561912
0.876372945935
0.836270701846
0.904494320717
0.185787700275
3
55
0.549740465476
0.0522903881295
0.280783604831
0.670081809653
0.1744802928
3
56
0.46882394472
0.295746890429
0.588044896825
0.199315821223
0.0837433885475
3
57
0.576528499609
0.405044337096
0.795362884137
0.844599015662
0.280273292554
3
58
0.439253265857
0.0733946539314
0.448443077822
0.117072309756
0.268853912503
3
59
0.37737850581
0.937749423852
0.442440295658
0.583994637769
0.264988295276
3
60
0.629907598323
0.125237543574
0.538648610109
0.67088570226
0.198766064496
3
61
0.550968033598
0.163760054674
0.51769787106
0.300046836396
0.205638487443
